# Halo 937
# r (kpc)	rho (Gev/cm^3)	sigma_tot (km/s)	sigma_rad (km/s)	sigma_tan (km/s)
1.06166202e-02	0.00000000e+00	nan	nan	nan
1.19259046e-02	0.00000000e+00	nan	nan	nan
1.33966552e-02	0.00000000e+00	nan	nan	nan
1.50487848e-02	0.00000000e+00	nan	nan	nan
1.69046616e-02	0.00000000e+00	nan	nan	nan
1.89894127e-02	0.00000000e+00	nan	nan	nan
2.13312636e-02	0.00000000e+00	nan	nan	nan
2.39619211e-02	0.00000000e+00	nan	nan	nan
2.69170018e-02	0.00000000e+00	nan	nan	nan
3.02365150e-02	0.00000000e+00	nan	nan	nan
3.39654040e-02	0.00000000e+00	nan	nan	nan
3.81541546e-02	0.00000000e+00	nan	nan	nan
4.28594788e-02	0.00000000e+00	nan	nan	nan
4.81450826e-02	0.00000000e+00	nan	nan	nan
5.40825284e-02	0.00000000e+00	nan	nan	nan
6.07522039e-02	0.00000000e+00	nan	nan	nan
6.82444107e-02	0.00000000e+00	nan	nan	nan
7.66605866e-02	2.32503709e+01	0.00000000e+00	0.00000000e+00	0.00000000e+00
8.61146793e-02	0.00000000e+00	nan	nan	nan
9.67346889e-02	0.00000000e+00	nan	nan	nan
1.08664401e-01	1.63273020e+01	4.43961311e+00	1.04734838e+01	5.56099760e-01
1.22065333e-01	5.75929440e+00	0.00000000e+00	9.53674316e-07	nan
1.37118922e-01	1.62522734e+01	2.50454848e+01	1.95791581e+01	2.07609325e+01
1.54028981e-01	1.71984864e+01	7.90537826e+01	3.04947758e+01	8.41702671e+01
1.73024456e-01	2.22441856e+01	7.04033417e+01	5.03293323e+01	5.84529207e+01
1.94362529e-01	1.28395908e+01	2.49305421e+01	2.82067633e+01	1.49595096e+01
2.18332100e-01	1.61032489e+01	5.45604384e+01	2.44485683e+01	5.57096490e+01
2.45257696e-01	1.13605237e+01	7.21541609e+01	3.13713091e+01	7.08015396e+01
2.75503864e-01	1.45265076e+01	5.18826400e+01	4.38472649e+01	4.16914562e+01
3.09480111e-01	1.16617038e+01	8.28189543e+01	4.68368432e+01	7.98473421e+01
3.47646447e-01	1.24653053e+01	5.59905987e+01	4.16014810e+01	4.93704340e+01
3.90519609e-01	1.05528318e+01	6.15525032e+01	4.18357318e+01	5.85650820e+01
4.38680062e-01	1.19117027e+01	6.64910349e+01	5.46564436e+01	5.29865677e+01
4.92779856e-01	8.40347078e+00	7.57617810e+01	5.31342230e+01	7.00153458e+01
5.53551455e-01	9.63378407e+00	6.56583868e+01	4.57239657e+01	6.15738484e+01
6.21817653e-01	9.36689427e+00	7.27870248e+01	5.45101557e+01	6.41486631e+01
6.98502714e-01	7.40728491e+00	7.52512405e+01	5.36141234e+01	6.95547359e+01
7.84644886e-01	6.43996200e+00	6.81629286e+01	5.15959439e+01	6.15085576e+01
8.81410458e-01	5.90471592e+00	7.25375552e+01	5.75783643e+01	6.49457495e+01
9.90109550e-01	5.62256229e+00	7.50226439e+01	5.90552864e+01	6.61985568e+01
1.11221385e+00	5.19998516e+00	8.22358246e+01	6.02697486e+01	7.48924152e+01
1.24937655e+00	4.50101300e+00	7.66870492e+01	6.13238923e+01	6.93664212e+01
1.40345471e+00	3.65281882e+00	7.82367017e+01	6.40724322e+01	7.09863644e+01
1.57653440e+00	3.34420780e+00	7.99672808e+01	6.42996880e+01	7.41832692e+01
1.77095898e+00	2.89487072e+00	7.76955560e+01	6.20680807e+01	7.16213037e+01
1.98936078e+00	2.57579322e+00	8.22261949e+01	6.59441898e+01	7.71616066e+01
2.23469678e+00	2.21233084e+00	8.14250812e+01	6.66420775e+01	7.38943674e+01
2.51028860e+00	1.81437019e+00	8.09554677e+01	6.80064775e+01	7.38276004e+01
2.81986751e+00	1.51684945e+00	8.32300289e+01	6.71438251e+01	7.81648111e+01
3.16762495e+00	1.35584275e+00	8.53139250e+01	7.02396480e+01	7.98128116e+01
3.55826923e+00	1.10741517e+00	8.52293000e+01	7.08922863e+01	7.93593413e+01
3.99708934e+00	9.50207081e-01	8.52421658e+01	7.18525789e+01	7.92380092e+01
4.49002652e+00	7.87805720e-01	8.73792875e+01	7.25146401e+01	8.15325804e+01
5.04375470e+00	6.72684844e-01	8.68782986e+01	7.31719879e+01	8.21021646e+01
5.66577087e+00	5.40682559e-01	8.84487640e+01	7.43410532e+01	8.37399392e+01
6.36449658e+00	4.40924177e-01	8.79312267e+01	7.53997737e+01	8.33729327e+01
7.14939197e+00	3.63260696e-01	8.78795015e+01	7.56143802e+01	8.38245529e+01
8.03108382e+00	3.03046696e-01	8.72915432e+01	7.68523210e+01	8.30876980e+01
9.02150946e+00	2.47832635e-01	8.74493840e+01	7.65798884e+01	8.36047690e+01
1.01340784e+01	2.03454485e-01	8.80702826e+01	7.69941627e+01	8.47930679e+01
1.13838538e+01	1.64202170e-01	8.81044135e+01	7.78947186e+01	8.45652827e+01
1.27877566e+01	1.31229464e-01	8.67462995e+01	7.77937722e+01	8.37620904e+01
1.43647943e+01	1.07022636e-01	8.70001469e+01	7.81636733e+01	8.48427388e+01
1.61363187e+01	8.60280581e-02	8.47123874e+01	7.72343863e+01	8.28780923e+01
1.81263145e+01	6.95220557e-02	8.39547223e+01	7.70246340e+01	8.15480369e+01
2.03617248e+01	5.57579359e-02	8.29238675e+01	7.67451899e+01	8.10862398e+01
2.28728148e+01	4.48045050e-02	8.21581969e+01	7.53640774e+01	8.04009173e+01
2.56935825e+01	3.57160194e-02	8.15198502e+01	7.48485829e+01	7.96770828e+01
2.88622188e+01	2.79085526e-02	8.04339151e+01	7.41364259e+01	7.79222122e+01
3.24216240e+01	2.19624461e-02	7.96390008e+01	7.41048613e+01	7.72067184e+01
3.64199894e+01	1.67627657e-02	7.69476331e+01	7.25775890e+01	7.46929083e+01
4.09114494e+01	1.28600430e-02	7.55628723e+01	7.23190731e+01	7.32022601e+01
4.59568143e+01	9.48356826e-03	7.36403654e+01	7.10162996e+01	7.14578371e+01
5.16243940e+01	7.22988274e-03	7.07371573e+01	6.93374886e+01	7.00015817e+01
5.79909225e+01	5.53689053e-03	6.86089258e+01	6.69293079e+01	6.87026917e+01
6.51425969e+01	4.34950686e-03	6.85881474e+01	6.49563742e+01	7.12829037e+01
7.31762447e+01	3.33883461e-03	6.62087048e+01	6.24338556e+01	6.71022756e+01
8.22006343e+01	2.69790636e-03	6.60917076e+01	5.99878733e+01	6.82357159e+01
9.23379480e+01	2.16129807e-03	6.51975814e+01	5.72056446e+01	6.76759389e+01
1.03725436e+02	1.56813614e-03	6.08266485e+01	5.58815336e+01	6.21373529e+01
1.16517275e+02	1.12457181e-03	5.81651612e+01	5.44195498e+01	5.92565572e+01
1.30886656e+02	7.64595829e-04	5.32445564e+01	5.32085910e+01	5.58983069e+01
1.47028126e+02	5.53067836e-04	5.09200856e+01	5.13916302e+01	5.36014821e+01
1.65160227e+02	3.94391392e-04	5.07866511e+01	4.82468476e+01	5.20610720e+01
1.85528453e+02	2.88660872e-04	4.78339454e+01	4.47064825e+01	4.91081381e+01
2.08408569e+02	1.94133705e-04	4.47533578e+01	4.40864891e+01	4.66711882e+01
2.34110355e+02	1.39212292e-04	4.12543551e+01	4.00192444e+01	4.37890934e+01
2.62981788e+02	1.02972152e-04	4.07609566e+01	3.90375576e+01	4.22326852e+01
2.95413763e+02	8.45861758e-05	4.25001493e+01	3.80510881e+01	4.18091509e+01
3.31845379e+02	5.22057188e-05	3.78549359e+01	3.71033968e+01	3.77328908e+01
3.72769890e+02	3.70816641e-05	3.57669055e+01	4.24896205e+01	3.19512113e+01
4.18741376e+02	4.68968907e-05	5.33702728e+01	6.00348500e+01	3.18649683e+01
4.70382251e+02	1.42601314e-05	4.33004662e+01	4.76485193e+01	2.86832326e+01
5.28391687e+02	1.22194503e-05	3.65804116e+01	3.89922336e+01	2.86916477e+01
5.93555081e+02	1.40987771e-05	3.58114737e+01	4.02724410e+01	3.14691364e+01
6.66754688e+02	7.24637072e-06	3.40846007e+01	3.85401686e+01	3.05444072e+01
7.48981565e+02	3.09451204e-06	2.83280063e+01	3.24003380e+01	2.55422168e+01
8.41348992e+02	1.94418337e-06	2.29539950e+01	2.62594735e+01	2.28894379e+01
9.45107543e+02	1.36818314e-06	2.09289706e+01	2.51128257e+01	2.22891189e+01
